# This puzzle is solvable
12
 83   1  46 118  45  49  13  75  17  95  14   7
 30  44 112 104  80  47 136  11 130  53  85  55
  4   3  59 139 107  82  48 115  93  12 105 120
 81  36  33  41  71  57  98 142   9  15  51 132
 77  28  84  10 106 111   8  24  89 135 114  54
 78  43  76 141  37   6 119  91  19 113 126 129
 42  73 138 131  61 124 123  87  50  90  60  52
 72   2 140 103 109 134  18  79 143 125 133  25
108  16 127  86  38 121  22  58  63  31  21  23
 34  97 102  40 128  74  65  66  67  29  62  94
122  39  32 100 110  70   5  56  96  27 117  20
 68  26  35  99   0 101 116  69  92  88  64 137
